37 4 26 -42 -1 -2 26 9 17 -18 20 -49 37 42 -36 37 18 46 -16 48
32 -7 -36 -13 5 -30 8 -50 42 42 -17 14 47 -28 14 -37 30 -12 31 14
27 -25 -31 -3 47 -30 19 49 17 -50 26 -9 12 -48 -36 -4 -11 -20 -43 -20
22 -40 -40 43 12 -42 47 18 48 -34 -34 34 10 20 -29 -17 17 27 4 -23
19 46 43 38 -25 41 -11 1 35 33 -3 6 16 7 -35 -19 -22 -42 -7 -48
25 20 -21 25 -22 -50 -41 40 30 -43 -21 -42 -46 -8 -41 15 -20 -15 35 12
-23 19 -34 42 23 23 10 -19 50 10 2 -26 -38 -38 34 5 -5 4 2 9
43 -44 36 33 32 -38 -43 1 43 -7 -37 -19 -26 -26 18 7 -33 4 -27 -15
9 -19 -41 6 20 -38 -44 33 19 -49 -39 46 -20 -29 2 12 11 -23 1 -43
-29 -2 -50 -1 -17 50 50 8 -14 4 39 43 50 21 34 41 12 -31 -26 -13
-23 -43 24 44 19 -43 45 -10 -43 -44 24 11 14 17 -30 -43 15 -40 -27 -42
26 -42 36 -20 1 -35 22 -19 24 26 -45 29 -40 3 34 24 22 16 -10 -17
-24 35 41 -10 -20 -17 0 -34 35 32 -12 8 -10 46 -41 -49 8 29 22 -38
-41 18 -23 14 -17 -34 -6 -42 -19 -3 -14 -30 6 19 40 -12 28 33 17 -49
35 20 -12 34 -37 -33 -17 -36 -37 45 20 -31 -16 -14 27 -24 41 -7 -24 37
31 -17 14 12 -18 -44 -39 31 4 -15 -45 -50 -8 48 -34 31 -17 -30 44 6
20 40 4 21 -49 -36 -41 38 -31 19 -46 -3 24 20 -32 5 -34 -45 -11 -4
-45 -5 -24 37 -19 35 -37 -5 49 21 2 29 45 -31 -20 -30 -28 2 -47 -28
44 -8 50 2 35 44 -19 -16 -30 50 39 -37 -2 -46 10 -22 -25 8 -6 -11
-21 -22 -47 34 -26 1 -8 -15 -42 48 -15 -6 32 15 1 36 18 -8 -47 -36
