36 45 -4 -23 -41 15 16 7 34 21 31 21 -9 25 5 44 49 -19 3 -19 -38 40 -45 11 -17 33 -5 37 33 -36 -25 32 -48 -39 -23 -1 -13 32 -24 5 -17 40 -50 -6 2 -28 1 -19 -45 -29 49 38 40 -16 -17 -19 -23 -45 -12 -12 14 -48 20 -49 -16 16 7 16 36 14 -11 -35 32 -36 -20 -35 15 23 -25 44 -5 -44 8 15 42 41 -8 33 -41 -39 -6 23 -15 -37 -29 28 -33 36 -2 6
36 -5 34 -32 -28 -8 -13 38 5 -9 19 7 0 7 -24 -30 -40 -23 -1 -24 -23 -40 -49 -39 -3 -1 40 25 30 -26 -38 17 8 -35 40 43 -34 -11 2 -17 -43 -10 37 33 -48 15 14 -16 -21 -8 -47 12 -12 -11 14 -34 42 -20 6 -28 38 38 -1 18 49 -31 32 23 -6 -4 -45 -34 -37 26 20 36 -19 -6 22 42 -19 6 -43 1 16 -13 -42 -23 7 30 33 -31 -15 24 -44 -1 -44 -25 44 39
-16 35 -36 18 43 14 -15 -33 3 3 3 27 -25 -46 -46 -29 -24 -38 7 -22 -5 -25 0 -13 29 -6 32 30 14 -43 3 -42 40 -10 14 36 -43 -43 -20 -46 23 22 -2 -25 29 -47 -39 30 -36 43 -47 42 -5 -28 37 48 -37 -46 -4 16 47 -36 32 -30 -40 -35 -24 12 -2 8 -40 -36 -46 7 -21 -6 -17 5 -39 -18 -6 46 -19 20 20 45 -45 14 -10 48 26 -45 31 -4 -36 25 32 40 16 -48
41 44 -7 -6 30 -2 -47 -45 -12 1 19 -1 -35 45 15 28 31 32 -17 -25 41 -4 32 8 44 -21 -34 -46 14 -11 48 40 5 -19 9 38 36 -45 -45 -15 29 -47 -26 41 49 24 15 16 46 27 -11 -50 18 39 -23 34 14 -43 36 17 26 5 26 -46 -37 20 39 -50 27 -10 -25 27 1 42 -1 -23 -28 18 -49 32 -28 -8 3 46 -13 -6 -10 46 -25 45 -7 23 -17 -48 43 -33 1 8 -41 -23
25 -41 -1 -22 -21 -31 -4 46 10 20 -29 -26 -39 45 -48 -46 -1 1 43 -7 41 -32 -24 -41 1 49 46 21 -34 42 27 4 -21 20 -27 -10 2 -34 -11 -18 -1 -44 37 -30 -42 11 -12 -37 -44 48 -24 -2 22 -29 2 -45 -39 -19 -8 -12 -4 -45 -37 -38 -10 -8 18 -3 -1 31 -27 18 -46 -45 14 -29 37 39 -2 28 -32 -30 -11 4 -9 6 34 -27 -23 -22 26 49 33 14 4 -34 25 47 -41 -9
-20 40 -1 7 3 -4 -47 -26 -2 -33 9 4 31 21 17 16 19 -7 10 23 47 -47 -34 -29 30 -25 -7 15 17 -25 3 33 45 20 43 -10 -43 -45 25 48 -46 9 36 -34 46 48 -14 2 -37 -14 23 -38 20 46 29 15 0 -14 37 13 -5 23 31 -20 45 4 23 -23 4 32 -3 -48 -36 -45 -23 37 45 0 -9 -49 -3 -29 -46 -39 34 40 -38 38 -17 -1 11 34 45 35 -47 -32 -4 -21 -31 13
-39 -12 -48 -24 -36 -35 -30 46 31 -47 9 -28 -29 32 -6 5 35 -20 -9 13 15 30 3 -21 -41 -19 -29 -41 41 16 -44 24 18 -11 -50 25 45 -27 40 35 39 11 -40 -18 31 -5 18 21 -18 29 32 -26 37 38 -47 -45 -35 0 -40 20 15 -7 28 19 49 -11 30 -38 -34 9 17 20 38 21 -46 -27 36 -39 5 -23 -48 18 -37 -35 41 -20 -4 33 -35 -34 -8 -37 -15 -7 -1 11 12 12 -33 33
25 8 -24 -24 -12 16 41 -31 -5 16 43 -34 8 13 17 29 21 -45 46 -35 -37 -47 -38 46 -7 -28 -28 -48 39 27 45 32 31 -1 2 9 -14 26 -41 -7 10 43 -10 -11 17 25 27 -29 49 31 -27 12 -12 -10 -36 -31 -38 -35 -25 25 10 -16 -24 -14 -29 40 2 12 30 -15 42 48 -37 18 -47 9 -34 2 15 -50 24 36 1 43 -1 -11 23 13 -34 7 -39 28 46 34 1 -28 -15 -32 -17 0
35 -42 20 24 47 13 11 -16 -14 34 26 6 3 32 46 4 27 -14 -22 23 -47 -40 29 -16 -33 -27 -17 24 -40 12 20 -26 47 -6 44 -18 11 42 -24 27 47 -38 49 -24 18 8 38 19 39 -44 -2 16 -10 -9 23 24 -29 -26 20 -37 -3 -26 -40 15 -16 27 31 4 9 -35 -32 -3 46 6 30 -18 36 -13 -22 25 -15 25 44 4 15 13 -32 -15 -19 -29 -4 -22 35 -20 -29 -34 -10 -20 13 -44
47 6 -37 -23 0 32 -3 -33 41 -31 8 3 -16 11 -50 -36 41 -40 -50 7 -24 23 -27 44 34 39 -10 -6 -46 -33 -32 27 0 -12 -36 -42 -50 25 -36 24 34 11 46 26 11 -34 -9 21 -8 -15 -50 25 -30 48 -17 24 -10 23 -20 -6 23 6 45 0 36 14 20 39 -19 -49 19 -47 48 -16 8 10 -23 14 -47 -4 2 22 -47 -11 17 -15 -1 -13 46 30 -11 -8 31 11 -47 33 -18 18 30 -29
6 -13 -5 -17 40 16 35 -20 -5 16 -12 -23 40 39 -11 26 -17 28 23 -47 8 32 49 -39 6 3 15 0 -10 22 44 -13 1 41 2 -5 -21 17 36 6 -30 40 12 42 -45 21 27 -33 -31 40 -18 14 30 22 -18 -14 44 -18 -49 37 5 -14 -44 7 -14 1 -40 25 -50 -6 6 -24 6 20 -28 37 -22 41 -11 -25 16 44 -47 -16 -18 13 40 8 12 -21 -38 45 42 6 24 -3 30 -4 2 18
39 -28 -47 -5 -7 41 -16 22 44 -31 -18 -12 -9 48 -26 35 -48 -15 36 -35 14 -31 -2 18 20 27 -49 29 -10 -10 -31 -3 13 -1 -37 22 -48 42 26 33 39 43 -50 32 -29 25 42 20 11 12 -36 33 9 -18 25 15 -5 -41 34 -33 14 9 -6 7 17 2 34 32 -48 -10 23 -26 2 5 -42 29 -37 20 -10 -42 46 36 -6 -14 7 -30 -9 -5 -41 -29 16 -18 2 -44 -48 16 -44 4 -37 11
19 37 -19 38 27 -26 24 -13 -33 8 7 4 -33 -8 -16 -49 -19 -36 33 -43 -8 -6 7 2 -13 38 39 2 5 40 33 27 34 26 7 27 45 -30 39 25 -12 37 -9 -27 36 -27 5 -2 -28 48 -8 6 -18 -30 11 0 -44 47 45 32 -17 -13 49 35 -13 14 -39 -15 32 -46 -31 -30 12 -35 -10 0 -22 24 -3 34 -17 -27 23 24 -24 -14 -39 22 1 38 -1 -34 -40 -19 2 -32 -25 34 -20 -6
27 27 -20 0 3 28 -36 -25 30 -26 20 28 -3 34 12 16 24 -42 34 3 -24 18 17 -50 -38 37 6 14 31 49 -2 32 -22 31 14 -39 -4 0 43 27 21 -21 -23 25 -39 -25 -45 28 10 36 15 41 26 12 10 7 2 -26 11 44 -5 18 -26 -30 -39 -12 -32 -38 11 -10 -40 -28 43 45 0 -11 12 25 6 3 -40 -14 17 -30 -12 20 8 25 1 19 28 -8 21 46 45 -26 35 4 32 46
22 43 -31 23 -34 34 -6 -6 15 38 11 -28 -20 -1 -29 -37 -24 -20 -22 49 -49 24 -50 49 23 29 -22 41 28 -25 -16 -9 14 12 39 -45 -36 -2 14 37 -5 28 -37 -37 -22 18 -11 0 -11 2 5 33 12 44 5 2 -19 -22 39 28 21 13 -33 41 -49 -24 2 44 49 -29 -35 20 25 -19 -10 -15 24 -9 -8 39 26 -8 -27 18 0 -36 38 -33 1 30 -14 -34 17 35 -16 -24 -25 0 -18 49
-27 -34 16 -1 -41 -33 2 -20 -48 -47 -37 42 -8 -29 -29 5 -21 -49 -39 -20 41 -30 -13 11 -1 -47 13 -20 39 45 -19 1 44 32 -49 11 -20 -10 24 -46 -45 35 37 -50 -48 25 47 13 -14 36 29 16 -4 47 -3 21 38 29 -43 0 -39 -24 27 25 27 13 32 4 -9 12 -40 -39 32 47 -7 13 29 5 -15 15 -3 22 -4 6 -24 -36 12 37 -2 14 8 -39 41 3 46 -37 36 -44 44 24
16 -30 4 -15 13 45 -38 -16 -34 -16 4 41 24 26 11 35 -44 8 -15 -16 30 -5 -25 46 -15 -33 17 -3 30 26 5 -44 3 42 24 7 15 6 8 -15 -9 -12 -24 4 29 -29 -30 -5 -26 49 -30 -27 -3 -40 -15 49 42 -41 34 -27 -47 -41 -37 -39 23 40 24 22 1 24 -1 4 12 35 28 -27 19 15 38 -46 -13 36 33 32 24 12 39 -7 -24 -26 45 34 -31 14 32 -10 -49 6 13 -20
44 -16 18 34 -46 -15 -37 -49 29 -49 8 43 -4 -31 -7 35 -3 45 32 11 -22 47 -40 38 15 34 -6 -11 -4 -18 13 48 38 -3 -15 -25 -5 31 28 42 27 -12 39 47 5 30 -34 -50 -41 31 -32 13 -14 38 -29 5 4 -17 5 -33 35 41 -26 26 -9 8 4 34 -42 -30 -39 31 -44 10 -46 -22 -17 -18 -1 22 -31 -4 28 -15 1 40 46 33 41 25 18 29 -11 -24 -27 -36 -26 48 -44 -1
-43 0 16 42 47 -18 -31 -38 38 -10 12 -23 -32 -30 -27 -8 -4 21 -9 -40 43 42 -23 -10 3 28 3 17 -7 7 -17 5 -19 -26 19 33 29 -33 38 6 20 -43 1 -10 6 31 -10 -45 -23 9 13 -17 -35 -2 -41 23 27 15 -42 -17 21 37 -43 24 -44 43 42 -33 -32 24 -42 8 46 9 -21 11 11 -17 34 -41 -10 17 -17 -36 -20 -11 42 -29 -35 -14 -41 9 26 40 25 5 47 -33 47 -4
21 14 -1 -33 -12 -9 35 -18 -34 -41 -24 -39 49 -24 -12 12 39 27 23 -36 -23 48 -24 29 5 -24 -3 -33 33 0 34 -17 -41 -3 38 -10 23 -47 -22 -12 32 -46 13 37 49 5 8 -23 4 14 -35 43 -2 27 -13 0 -6 15 -43 28 12 -12 46 -21 -41 36 43 -24 -48 -35 48 -31 29 -24 -19 -22 32 -49 -16 -1 -34 34 -21 26 6 -12 8 -3 15 43 21 35 28 -45 -13 -31 -24 20 45 -44
2 -45 20 -47 -23 -40 -9 -23 -1 -3 -40 -10 -3 -46 -43 0 -3 38 -48 11 -4 5 -42 3 46 34 8 27 -6 -24 24 -50 -34 9 -19 -6 14 13 8 -21 40 24 -35 -5 -32 -6 2 29 -49 14 -4 -37 22 -18 9 -35 -6 -14 -43 -48 49 46 28 -10 16 45 3 1 -27 19 29 47 3 34 -9 -11 46 32 -20 11 -27 -39 42 11 29 -32 -43 -25 36 -48 -7 13 -16 35 -15 43 -34 -36 16 41
2 13 -47 30 -1 48 44 43 33 30 42 -15 -2 6 -48 -14 3 -13 -10 49 37 -43 -35 9 38 -36 15 12 32 -23 -29 -22 1 22 19 20 -29 -29 -44 19 6 9 38 14 17 12 49 -9 36 -29 -48 11 -43 -8 -45 7 4 -8 -3 24 30 -19 3 -39 -32 -45 -47 -22 36 10 49 -34 14 39 -35 -23 42 -39 31 -2 3 -7 -35 33 49 -12 2 27 33 -14 18 28 6 49 -48 -37 -49 30 35 -17
28 31 11 -33 23 -44 -12 19 -19 20 10 29 38 10 -10 -2 -25 -10 -30 -32 -32 -36 -33 -34 31 -31 -30 -15 28 -32 4 -38 -41 46 42 28 -22 16 43 -43 -21 -40 31 -14 -33 26 -42 4 42 11 11 36 -1 -26 13 17 -32 -37 -19 -17 42 -25 -37 37 32 16 5 47 -33 -36 -2 -40 13 -32 38 33 -32 -13 43 45 -3 -35 41 32 -18 15 -17 43 -40 -22 -33 49 42 17 -20 14 -5 -32 13 -6
7 22 15 -24 31 25 -32 -38 -5 25 -2 -26 -17 28 9 -27 9 -13 8 21 -20 -44 28 3 -14 39 45 -39 -44 24 -34 -46 -32 -3 -47 49 -38 -50 -24 -45 7 28 -28 15 48 16 -30 -1 28 38 -27 2 1 -10 21 -39 24 -47 45 37 -37 46 41 41 1 -47 -23 -2 14 -25 -23 -18 -43 13 41 -38 -32 -50 -48 5 -14 32 28 30 37 24 35 38 -8 -3 46 5 5 -12 18 27 -49 -42 -32 -32
21 -29 -1 -41 -25 -22 37 -28 -30 10 25 -28 -39 -38 29 -23 -15 -50 -28 20 -14 -3 7 -50 -29 -26 22 -35 -26 -9 -8 35 -23 45 24 -44 -49 -6 22 47 21 26 4 16 38 22 -37 5 -21 19 14 46 20 9 5 -37 -16 -43 32 -37 37 18 39 38 -17 8 -6 13 10 16 -47 10 -6 9 48 -39 -29 -28 2 -32 -10 -11 -47 -15 5 -40 29 42 -17 14 21 -7 9 12 2 -27 29 -31 32 -22
-8 -3 45 16 -28 -19 1 -26 36 3 36 -5 -27 -1 -34 -32 15 -5 2 3 -34 38 -26 47 -30 40 -2 -28 -44 -42 45 39 11 5 -25 -28 10 0 10 21 -39 -40 -1 47 17 -21 -50 -24 -24 -31 28 -40 -2 -8 2 -14 34 -18 -44 -36 -41 22 32 -36 35 45 -28 -32 -38 31 -39 -31 -14 46 -39 -38 -46 38 -9 49 -20 43 -19 -16 -37 33 -33 -1 -42 -1 26 22 24 19 3 28 -43 -29 -12 26
4 -24 28 -7 41 -29 42 -14 -42 -12 23 40 36 -36 -37 -50 -25 0 6 -13 -2 18 33 45 11 -4 33 -47 -20 13 30 -46 -17 35 11 6 48 15 -48 -49 27 -43 32 27 22 35 42 21 41 -20 -16 10 -28 -13 -1 -37 41 -38 36 -49 -19 -16 44 -26 5 22 -13 -45 32 32 -50 -36 3 -10 -28 31 33 16 -11 36 -17 -16 -23 17 7 23 -50 -21 -50 -23 23 -33 -46 17 -44 12 -5 40 -31 -13
-33 -1 -35 4 -1 32 -32 -19 27 36 1 -32 -8 19 14 -43 -42 26 38 -49 8 -15 4 46 -38 14 -39 25 -44 -24 19 46 -7 10 -49 27 -31 -14 -28 49 -23 45 -14 -4 -42 -17 23 -48 -35 18 -29 -14 24 41 22 10 -49 -25 45 -45 42 40 -43 9 -25 42 31 32 -47 39 41 -19 -21 7 19 -43 49 4 -46 -8 14 23 20 6 -29 -10 16 47 19 45 -24 45 -5 1 -40 33 41 26 -40 22
-10 -28 -50 47 24 14 -21 33 49 -4 -42 -27 1 7 -25 8 -49 13 -5 7 6 42 -24 3 30 48 48 -43 -24 25 14 -45 31 -23 2 22 -28 33 27 46 -13 12 -16 41 41 -9 -21 -27 -31 -35 24 -9 11 16 1 36 7 26 -34 9 -35 -38 17 -11 -44 3 -38 -15 -46 -24 -17 -29 -12 -19 49 -46 -37 34 8 2 6 40 -18 11 -22 -23 30 46 4 -49 -32 -38 26 20 -44 6 0 16 8 3
-34 10 -41 21 21 47 -48 -28 49 -3 -35 -35 -40 -2 15 32 -40 -50 32 14 22 -21 -1 -22 35 43 -25 1 -45 -10 -39 14 11 49 0 -43 -30 35 -8 -36 -46 46 12 -23 -26 28 -28 18 -8 -17 -45 -47 22 6 -22 7 2 -18 10 -49 -11 -37 -32 44 4 -45 22 -21 12 3 9 35 -48 12 12 -41 -39 36 -32 6 36 -15 4 -6 -50 -31 -4 -35 -16 -46 -36 -45 1 2 -29 -41 33 -38 -19 -5
-36 -27 49 41 30 0 31 37 31 6 22 46 21 -18 33 31 -27 14 22 -11 27 48 43 32 -8 7 41 -29 35 -8 29 -50 23 -4 -21 9 8 3 -17 -43 19 22 23 22 -41 32 18 -40 -27 -13 27 15 -46 45 34 -24 15 19 39 37 49 -46 -11 9 -9 -37 31 -17 18 -29 -1 -27 44 26 -16 32 44 -3 46 -26 39 38 -11 34 -39 -46 16 43 -30 -22 47 -22 10 3 44 -3 -32 -30 -1 0
19 -20 11 -37 7 -47 30 -23 -29 35 -39 47 32 -12 14 14 42 27 22 24 -49 35 -35 -46 15 24 -12 16 15 -23 1 13 -10 -23 -14 -43 -42 38 -43 -16 25 32 39 0 -38 -29 -32 9 24 -12 -16 3 -19 20 1 3 28 21 4 -8 39 -48 14 -4 -12 -19 34 -16 -27 -20 32 -13 5 40 -27 -4 -4 -10 19 5 24 20 21 -25 -22 38 42 -23 -50 44 49 -33 22 -28 12 21 14 -28 10 -28
-2 0 -41 29 -3 5 -15 44 -37 34 -8 46 19 -35 39 19 -16 15 -48 -26 -33 -31 -22 -35 33 49 -13 -6 26 15 43 -22 32 17 45 20 47 1 -18 -10 37 -21 25 -26 -6 -28 -26 -41 -4 29 49 -2 36 -7 15 28 -12 -46 -14 -10 44 -31 24 35 8 -11 -28 49 9 -2 -26 -30 -50 -22 15 -3 -8 33 39 18 -28 38 -44 44 -27 32 -37 -6 20 -44 -41 -15 -36 46 25 -32 -5 -46 45 -36
-49 41 49 42 13 4 40 35 47 26 -50 -12 24 43 28 4 -43 -9 15 19 -12 32 -4 -37 24 -9 -43 47 -14 -29 -43 -21 31 23 19 49 -27 26 45 -38 41 -6 -37 44 20 -7 -24 33 -25 37 35 35 2 -34 -29 -30 -4 26 -10 23 -5 42 27 35 -19 -9 -7 -29 -49 18 42 5 -16 40 2 28 13 -29 46 7 -27 -8 -6 47 -7 -9 -6 -14 -8 34 3 -48 -24 1 -3 -11 19 44 -10 42
-29 -15 40 -47 -7 38 9 -43 18 -28 -10 -41 -31 27 -43 -45 -31 23 -25 -38 41 -47 18 27 30 42 -5 40 -17 40 13 -50 4 -36 -9 48 35 -15 -16 46 -29 -47 -16 -32 1 -38 -48 -9 27 -44 49 -50 15 30 47 13 21 23 -28 -4 -35 -18 -41 -33 -8 2 -29 -6 -38 -29 -27 43 40 -31 -5 -20 -24 28 -8 2 -23 -30 -19 -26 7 -17 -49 -41 -20 -47 -43 46 -15 2 38 -45 7 -23 -22 -16
36 19 -49 38 -37 5 24 -50 48 -13 -16 -12 15 4 44 -15 -47 38 -16 -15 0 30 -6 -14 -32 40 3 30 -48 29 -47 18 0 -21 48 30 -14 -15 -44 -45 -30 -19 38 12 9 24 4 -29 48 -8 -2 -5 11 13 -39 -32 5 -14 45 6 13 -24 17 6 25 -41 34 24 -28 -23 33 45 39 -15 -37 48 -7 10 12 -29 1 -6 41 -48 -23 35 39 5 40 47 -15 -39 36 -7 -41 37 43 -31 -44 35
-12 0 35 -23 21 35 -33 -28 -31 -36 -30 5 38 48 49 31 23 -1 -44 -32 -30 -19 36 -46 48 17 -33 21 -42 21 29 36 15 -25 2 3 -50 -34 3 16 -6 -7 -4 43 -24 36 0 12 -8 -13 -32 29 -30 17 -39 33 16 -1 -4 -36 49 -16 -29 0 12 37 -46 22 29 44 -47 -30 22 33 43 25 27 29 48 30 -12 25 -2 0 -18 -5 12 13 19 -39 10 -40 -49 -6 -17 -23 42 30 -1 -47
-29 24 30 -37 33 39 15 -47 24 19 -24 47 3 24 -5 -38 -24 -49 7 40 40 -1 13 -32 20 -12 -40 -8 43 6 -9 -2 26 6 -28 -47 36 -40 -42 46 2 -35 -26 19 -10 -32 -18 44 32 10 -13 -12 -25 36 28 27 41 9 8 -18 -24 -21 -48 -29 -25 -31 21 -34 9 -19 -9 -20 12 30 -24 6 8 18 25 47 12 -50 19 -35 -42 33 43 -16 9 -21 34 35 -38 30 -10 6 -6 33 25 -44
-31 -39 -7 8 -39 47 17 45 -10 -27 23 -42 3 -45 1 40 -18 -40 -32 -13 8 -15 44 -24 36 21 47 35 -12 -34 -5 40 -27 -46 21 6 -10 -19 -47 29 -49 6 32 3 41 -20 17 49 -31 9 -27 -43 17 -27 2 -6 1 26 20 -42 20 45 -31 -22 -18 -35 34 -19 28 35 -11 3 -35 23 -1 39 43 12 30 44 22 -7 49 11 27 -31 10 -49 -7 9 46 27 -49 -32 12 -43 39 -17 26 23
43 24 -12 45 0 36 43 -17 33 36 -32 -41 11 43 12 48 -33 -32 -21 -43 45 12 -18 -24 33 39 32 -6 -13 -48 43 -33 45 -48 -21 -25 15 -38 -28 -10 -13 32 -24 19 25 25 -32 20 10 -30 -1 27 33 35 47 12 -4 45 -41 -42 37 10 -11 10 -9 -18 -35 -9 34 -46 7 -14 -23 -45 21 -50 -23 -45 -34 16 39 -35 27 0 31 -33 12 -37 41 39 -11 8 -14 8 41 14 -31 22 -9 4
-18 16 -10 -27 -18 4 -34 36 14 49 -33 8 11 6 48 -32 9 2 35 -5 21 -11 28 26 9 -32 -4 -40 10 6 -40 43 47 -5 26 36 -48 -7 -48 -25 36 -16 43 2 -43 -7 48 17 -23 19 -41 -23 -26 -6 34 -1 31 35 -30 39 5 -36 31 40 19 4 2 -16 36 41 -46 -7 41 41 16 -40 -18 32 29 30 40 14 14 37 19 26 -17 8 -10 -26 -24 -33 -44 -49 42 -26 -27 38 -19 -49
30 8 14 25 42 17 17 -29 22 46 4 -47 18 -8 -40 1 -24 -28 -22 37 -26 -45 31 -14 -49 -39 40 13 15 37 -37 18 42 -15 3 -21 -40 38 32 32 31 -50 -34 18 47 44 35 -18 32 31 30 -4 34 -26 -34 -24 41 3 -36 -38 -12 -40 -22 -50 46 39 -29 -33 -28 -50 8 -6 -24 -43 40 9 -24 -2 -38 44 38 22 33 15 3 -46 -41 39 0 -29 29 17 -12 -49 4 -34 -48 5 11 23
-40 -38 -8 -19 -47 37 -44 -50 0 4 -6 -18 16 -3 -38 -28 33 -44 3 -50 19 10 -44 44 -45 8 -38 -41 -37 -11 9 15 33 14 -45 31 -7 -5 1 19 -10 -44 38 24 24 7 26 -37 -23 30 46 -20 -30 32 45 33 5 -47 14 -37 26 -30 -26 24 22 8 -18 49 -16 8 -10 15 22 18 12 -10 -30 -33 -24 48 -35 -27 24 32 -27 26 3 -42 -6 4 12 -3 25 49 41 37 -10 -33 31 -29
-15 19 -48 -26 27 3 38 19 42 27 8 44 -32 43 47 12 23 -15 7 -21 20 24 20 6 -18 -48 -30 -44 7 -30 33 -14 7 -8 -18 -30 19 8 0 26 -46 12 -5 -3 -36 46 -33 14 -30 -1 33 21 17 15 41 24 38 1 33 21 -40 26 12 -8 -27 -50 17 43 -5 -9 30 -26 -43 -29 -5 39 -30 -22 22 -48 -17 43 -25 30 28 17 4 -25 22 43 3 12 9 0 23 10 -9 -13 28 7
-32 -50 21 1 -50 -22 24 0 29 -18 25 -41 -20 -21 32 -42 -6 -12 -2 44 -31 -16 17 15 -20 -38 8 -36 -39 -43 27 -25 -22 24 -50 48 18 -10 -41 34 21 -45 -36 -17 -27 47 -37 33 7 30 25 41 -22 -45 23 -29 2 -48 21 1 -22 -45 -29 31 37 -43 -7 15 39 28 1 -21 -21 3 15 9 15 16 -18 -45 -3 -44 26 -42 -29 -22 -29 28 -2 25 2 -7 37 -19 23 -36 -31 -7 33 -35
-47 34 43 23 -35 47 -16 -41 -5 15 5 -20 -25 8 49 -13 -14 16 -41 -2 36 25 43 -14 -4 -2 -43 -31 14 -25 45 -38 -36 24 -39 -31 -37 3 -31 -7 -15 -48 17 38 -8 -18 -19 -40 23 -40 -36 8 10 38 15 -3 -42 36 27 -14 -8 14 27 -4 -18 17 18 -34 -43 -39 -48 -9 9 42 41 5 -46 -11 -29 -46 15 12 -6 -45 -46 17 -20 12 -17 -37 38 17 31 -14 31 -3 -18 -41 20 -41
-31 9 -33 -27 -3 -34 40 -5 31 -6 24 36 -27 -30 4 32 -39 -48 -8 -34 6 -38 2 -23 -1 11 -42 -27 -10 24 17 2 28 11 -14 15 41 8 37 20 29 20 27 24 -33 0 31 -8 2 -8 -47 -25 -21 22 31 -20 -33 -45 -6 -14 -12 23 0 -44 -5 -23 -2 -46 -3 -12 10 34 -46 -15 27 41 -47 29 -29 5 29 -28 11 -48 -13 3 -14 49 -25 38 -37 21 -47 27 2 41 23 1 22 -36
-28 -38 -31 32 5 -18 0 -25 -30 38 16 15 -11 -41 12 -23 16 43 13 -11 8 -44 -23 32 35 14 -32 -29 30 -45 -46 -36 14 -48 -20 -15 -10 42 28 21 -31 47 -4 36 21 5 -29 26 5 -24 -39 -30 7 -9 41 -28 23 -1 -22 38 -49 -1 -13 -26 14 1 -7 -24 13 -15 -28 -14 -50 -24 -25 30 33 -3 -20 -48 -33 36 4 -44 -14 -10 21 39 -18 41 -24 -2 -25 49 -49 -30 27 -47 5 48
-27 -19 -10 25 5 32 -44 46 -40 -20 17 -28 1 37 -14 -26 39 7 -5 17 -49 -9 -34 -22 -3 -21 -11 10 -12 47 18 15 -14 -17 -36 9 3 47 8 11 -42 -40 42 -10 21 -9 -34 46 17 -37 -43 25 -27 -8 -23 36 44 1 -49 4 -27 -35 47 42 -15 19 -37 -1 32 44 -13 22 -43 25 -31 -48 -28 -33 -48 26 44 -25 22 -1 45 -43 -36 13 -19 30 19 48 -37 -25 28 -18 -42 -50 20 47
-44 12 -6 13 37 -13 -18 17 39 -5 39 -21 -49 -30 -47 17 -4 -8 -38 21 -15 -1 45 42 -14 -31 18 -43 -38 39 16 14 48 -27 -29 6 46 14 48 7 38 23 -42 -16 -36 24 -9 21 6 27 10 -19 -30 -7 -39 14 -1 -22 44 42 12 -47 -45 7 -21 37 -13 6 -24 -1 -49 -33 -1 44 -4 -27 -23 -35 -36 47 27 38 36 20 -45 -4 48 -7 -50 10 46 -9 2 28 -15 39 4 33 -7 8
32 -32 -12 -4 -28 -11 0 -38 -48 -41 -9 -17 -37 32 39 17 -25 -30 -1 -5 -14 -48 -23 -19 -6 -32 -11 32 -10 7 -26 37 26 17 -18 10 30 34 3 -2 27 -8 -19 44 23 31 -39 7 -45 -7 39 45 -6 37 49 -41 -48 -9 40 -1 22 13 12 3 -50 32 18 22 -47 3 17 27 -14 11 36 11 11 -45 -49 26 32 -9 43 -50 -27 -45 14 -37 31 -21 36 -1 -15 -35 14 -1 -27 43 -38 38
38 -40 -4 14 -14 40 12 -18 5 5 17 -16 6 -20 -43 -17 47 42 4 -33 -2 36 31 -28 -46 -39 32 -47 -18 47 35 17 27 30 15 -23 -2 -18 23 -42 49 -12 -44 -21 -23 -21 38 34 -21 -35 38 44 34 4 -46 3 46 34 -26 -4 40 9 32 25 40 -18 -12 -2 20 40 39 -5 6 -40 3 -40 49 -6 49 21 29 -13 -14 14 11 33 22 -16 -20 -31 8 -38 -47 -33 43 -34 30 -28 32 -50
-46 -31 -33 -17 -3 28 -31 -3 10 -11 -45 -37 16 16 -49 -28 -38 -44 -40 16 -41 -48 31 14 -40 -34 12 3 -41 31 25 -40 -2 12 -36 49 46 -36 19 -15 -45 47 -42 -16 -9 -25 4 38 46 -38 -25 -48 7 -43 -14 0 -19 -32 45 42 -38 13 -44 -27 18 24 46 0 12 -27 25 45 16 -25 40 34 -11 35 15 41 23 1 36 32 -8 -4 -35 23 -15 27 15 36 45 -50 12 -4 -40 -49 -10 27
26 21 -50 42 8 -22 -5 5 24 -19 8 -28 -40 -44 -5 -36 -43 44 -46 10 4 34 -28 29 43 -12 9 -7 18 21 -21 14 -26 28 48 34 32 38 38 41 -45 6 -45 22 20 -5 -35 -17 17 -32 -6 36 1 -21 -14 -44 -7 -25 18 7 -43 -10 4 -7 -28 -12 34 -3 9 38 -20 5 -9 -14 19 -42 -40 -8 -4 -4 -3 8 49 -15 47 25 31 10 5 46 34 16 45 6 22 43 -10 -18 -26 -49
-50 5 -49 -48 -16 -19 -30 -36 -8 -44 -4 31 -23 -32 -49 -29 27 -1 -46 -40 -3 4 22 4 27 37 46 12 -47 28 -42 17 19 -44 32 -23 -25 -34 10 14 -24 12 18 13 -11 39 8 -43 13 49 40 -44 -15 -50 -47 2 -13 34 5 36 9 22 -42 -24 30 20 17 21 -36 2 3 4 49 47 2 -38 30 -19 33 11 18 -3 -30 25 9 -1 47 32 -9 -11 47 36 -50 3 8 -46 27 -8 -41 -6
-46 15 27 -28 -23 -37 14 -19 -42 -12 45 9 -37 29 -44 23 12 -9 5 -40 45 -2 -30 -7 28 46 43 -41 33 12 -50 -33 21 16 3 30 -24 42 -32 7 20 -40 3 37 23 -32 -24 3 26 -24 23 -47 41 -13 -29 21 -4 49 -40 21 -11 15 28 15 -27 48 -39 29 47 -12 -33 -10 9 29 12 40 1 12 -31 17 -9 14 -16 -29 32 24 -11 -27 10 -2 -8 17 -31 21 32 18 -32 43 4 44
12 20 -45 3 37 -28 -21 -43 11 20 -1 -24 31 2 8 -36 -42 -48 21 29 48 -38 21 10 15 4 13 38 -36 -34 -20 1 -11 27 40 47 23 23 48 49 31 -15 25 -2 28 48 -33 25 19 36 20 -11 -30 -17 -46 27 -39 3 3 -46 13 -5 -50 2 -15 40 6 -43 17 32 -48 -29 -27 44 35 11 -11 17 39 -8 -36 44 -19 38 -20 21 -32 -5 -9 47 41 18 -31 -16 44 -38 -9 -9 42 -28
-14 10 -22 -11 -30 36 -39 -18 -15 19 34 -19 4 -34 30 -22 -35 -40 0 38 2 10 0 28 3 4 -35 2 -6 -33 31 -7 26 10 8 49 7 9 -45 -43 -6 46 -39 26 -10 -9 16 12 10 49 9 8 6 -33 45 45 -33 47 39 -49 -4 -38 -26 -11 1 -11 30 19 -50 17 -27 -17 -27 38 -10 -8 -50 8 38 41 21 10 -48 15 -49 -17 -15 -43 -7 29 -27 19 24 13 -31 24 -48 46 -1 -40
21 21 40 -45 44 7 -15 27 -47 -15 -1 -31 -46 -41 -30 26 48 16 18 29 18 29 -20 -16 21 -7 18 14 15 17 16 -6 2 40 41 16 34 -30 29 -22 39 -33 -25 -1 -1 -33 20 39 13 -12 -46 31 20 29 -44 -23 35 35 49 -20 -16 32 33 -36 -48 -14 -30 -15 -11 49 -4 -12 -20 -22 18 0 -6 34 -46 -19 -41 -47 -19 -26 -47 -19 34 38 46 -17 31 33 31 -34 -13 17 -12 20 36 -34
9 -40 -44 -7 19 17 -30 -40 -20 -48 47 -50 41 -1 -41 33 -48 28 31 22 11 -8 -32 -8 -22 21 48 -20 -5 11 -42 49 -19 21 30 -38 -8 -2 14 -5 -30 -16 -43 18 13 -14 48 -44 -12 -14 15 26 -16 -3 39 3 -46 5 -17 -20 -4 -47 -15 -30 -19 12 4 29 -48 15 9 -1 8 -46 7 39 -14 -40 0 -6 -13 4 14 38 46 -16 10 27 -30 17 -49 -27 -35 -29 -11 -15 -13 -28 9 26
-46 -13 -49 43 26 -35 21 -19 -38 18 -40 -47 18 -46 -16 19 -34 -33 4 48 18 44 5 -20 0 -30 26 39 42 -32 12 -39 -29 -41 21 17 -23 15 -15 25 -5 -26 -16 37 -15 31 -29 -19 49 10 -37 -33 -30 -20 41 -28 -41 8 -16 7 -47 -16 15 44 -14 -44 -7 -1 -49 14 11 -38 48 6 -5 18 -36 -45 -2 -35 34 -23 27 -29 -33 8 42 35 0 -49 -45 -33 25 -5 -25 -18 -29 2 -11 42
-24 7 8 -40 -31 47 29 19 5 23 44 16 -8 -33 -20 31 -29 15 38 46 39 4 29 -36 8 -36 15 5 37 -8 -31 -44 25 -21 -39 2 -17 5 -45 -42 27 -21 -48 11 -22 -12 29 46 -21 20 28 26 13 -27 -42 25 -20 -45 21 -32 -6 31 12 -9 -4 -35 24 2 -20 49 -43 -3 -28 37 12 15 6 5 -35 35 32 42 -33 46 -26 44 48 48 39 22 49 49 18 0 -35 -32 25 33 -39 -4
-27 -36 28 -15 5 31 23 22 -11 -47 -15 -36 -39 -25 -19 -22 -28 45 -6 -27 47 -50 15 -3 -28 -21 -49 34 49 -30 -34 -13 -41 -9 48 44 -32 -30 29 -39 25 -13 -15 -50 -26 37 41 39 5 30 25 -33 26 -30 -4 4 12 16 19 -1 2 -32 -6 -48 44 -28 -24 -5 -1 -47 32 -46 -5 -6 -3 37 -6 0 -2 25 -23 20 -10 -25 -42 -23 0 -29 -10 8 -41 34 -31 -24 26 -38 -43 0 -8 4
-32 -4 -35 -22 -45 40 21 -27 -35 15 21 25 29 -40 -18 -45 -34 9 19 -48 -32 14 24 -19 24 -50 23 37 2 -17 -21 -39 -50 24 27 -48 -44 8 6 -14 -27 -31 33 7 -17 -21 21 27 -10 -12 -16 20 21 -14 -33 -18 -24 20 0 -41 39 -34 42 15 -31 -38 32 16 -16 -39 -43 -21 4 10 45 -35 11 -15 -20 -49 36 12 -9 7 -32 -39 37 -28 10 45 40 -25 49 -8 -39 -12 12 -21 14 -2
16 39 -44 4 42 -9 30 -18 20 19 -20 12 27 -5 -12 13 26 4 39 28 -49 -32 -42 6 16 21 31 46 11 38 -47 -13 -41 45 28 -25 -3 19 -48 44 -42 47 -38 35 -12 5 -33 -50 40 -50 31 5 -7 -13 -19 -17 -48 18 -11 -34 33 22 6 -48 -42 32 -35 -9 8 43 -3 -24 -27 37 12 -26 -46 34 -26 26 43 -46 42 -29 -27 3 49 -3 -34 49 20 -18 -27 -31 -36 38 10 41 -13 -22
19 -49 -10 30 23 29 -30 -33 -14 -32 -46 -22 -8 46 29 37 -36 27 45 12 -18 -47 -30 1 34 -30 49 -1 21 -22 -37 -21 -5 36 38 -47 -15 16 1 27 -24 17 -12 -41 34 17 30 48 -4 34 -47 13 -17 -26 35 15 19 32 -44 3 27 -37 -49 3 -41 -8 47 -48 25 -15 -36 17 -29 48 46 -21 -3 -11 -50 -15 -34 44 46 34 13 -36 4 18 20 -16 0 -43 2 42 6 -5 -49 11 -31 -2
9 -48 11 13 -13 35 -26 9 -47 -48 -10 45 46 -2 42 -42 29 -7 9 13 -50 -36 -31 19 7 24 42 -23 49 -47 -30 2 -3 46 -25 46 -24 -35 -45 27 -48 -19 20 30 22 -38 -5 38 -40 -28 23 15 19 49 30 36 33 29 -10 -3 23 33 -18 10 5 -39 29 -7 -38 -47 15 45 26 -4 -25 10 44 37 16 -32 -29 -43 -36 4 5 -16 6 27 39 -37 -32 43 -16 47 -5 -9 32 48 -39 8
22 23 38 25 17 -49 -40 1 31 13 0 36 19 -46 -41 38 -33 -14 -10 -49 49 -18 -10 -8 -19 -18 -34 -46 -35 -47 21 -27 19 -32 -21 11 -25 46 -16 10 24 -41 11 -31 27 -10 35 46 -33 -8 -3 -42 40 4 41 13 -16 -27 15 -48 -27 -6 14 -3 -13 42 -50 -25 -6 11 34 43 15 -34 -14 27 -2 3 -22 22 30 19 -18 -6 -33 -11 23 -46 48 11 -35 6 38 -16 41 -20 -4 26 19 24
1 20 19 37 -23 1 37 -7 -33 -14 -15 42 -47 14 -12 -4 32 -35 -49 -11 22 4 -25 0 -24 -38 24 34 6 -14 17 24 9 33 -34 -38 -5 47 -29 33 14 -9 38 12 -3 -42 3 -1 19 14 23 3 37 34 15 -8 -15 17 12 31 7 1 14 40 41 17 47 14 -32 32 -34 45 15 12 38 -31 -50 44 26 -13 -35 29 -32 -16 37 3 -35 -50 -16 -21 -23 34 -3 -7 -24 -27 -48 3 8 -37
-37 36 20 37 -16 14 19 -14 -18 6 -6 -25 25 28 -39 6 32 -41 44 -23 -3 30 -47 -48 12 18 16 34 25 -8 -4 -41 -34 -35 16 0 -46 4 -34 32 -33 -30 40 30 -46 49 -11 24 -41 -14 -31 24 -20 -7 -17 -24 43 21 49 -43 -11 -24 42 -30 -43 42 -14 -27 -27 4 45 -29 45 -13 -20 37 13 -34 22 -7 31 34 43 -34 42 28 2 6 -23 29 -45 -23 -17 41 -35 25 35 -17 -1 -47
-23 27 48 6 -8 -31 30 -33 24 -26 -6 -11 -49 42 -32 -18 4 43 48 5 3 45 13 -38 22 -32 -4 8 22 -30 -24 11 -13 24 -2 -34 -33 -35 22 10 23 10 -29 -6 -15 -45 27 28 -33 11 42 39 20 -7 -43 -48 -31 26 28 -8 8 9 39 41 -18 9 -22 -18 15 10 -22 45 -23 16 17 5 0 -1 -2 38 -44 -48 -18 -11 -34 -48 44 15 24 36 48 -48 38 45 -37 36 -16 -7 25 -26
24 37 41 4 12 34 17 -3 -30 -17 -49 -16 5 46 -16 -31 10 -34 6 9 -15 -1 44 -46 -34 -24 -19 22 38 -27 -11 -10 -23 -15 27 -17 18 48 -16 9 35 -13 42 13 -1 -4 -41 -13 -24 -38 1 19 -24 -45 -26 42 -16 -36 6 20 -24 15 -29 11 -3 18 44 -30 -50 -20 9 -38 -34 2 25 -2 15 -3 -47 -5 -37 26 12 -24 -8 9 -31 8 -30 20 -17 34 15 -16 -18 17 -16 -27 42 6
37 -1 -12 48 8 7 38 19 -28 -50 -21 -3 -41 7 46 7 -24 -19 -19 -21 2 -47 -1 3 27 -25 -36 40 -33 3 -40 -10 -47 -13 -45 12 -40 -22 -40 7 -36 26 11 2 47 -14 -5 -32 30 -9 21 -14 -3 -2 -38 -24 19 4 -7 -21 44 20 -17 23 36 20 -30 -20 -27 -23 37 30 -20 -7 23 -26 31 -39 46 -24 31 -31 -16 -24 15 -12 24 -43 -11 -14 16 -49 -36 -34 43 38 3 20 -33 -33
35 37 5 -23 39 47 5 -25 32 11 -12 -4 -12 -12 48 -46 -35 -33 13 2 -34 14 11 -10 -3 -35 46 5 -24 30 24 35 5 -6 40 11 5 -19 -25 32 -12 49 -37 -14 -20 -1 -10 -22 -30 23 -18 11 7 0 -36 47 -36 -24 18 29 45 -37 -38 47 40 -44 34 -5 -31 22 24 -38 -12 -37 -32 -9 42 5 -11 -41 -21 -32 -37 35 -26 16 -29 39 -37 26 7 -19 15 14 -11 7 37 27 -21 -32
14 -21 -7 -47 35 18 -8 -11 45 36 -38 15 7 19 -17 2 -32 -31 33 15 20 -4 14 39 -48 29 39 41 9 45 20 -28 -27 -18 -44 11 -35 -41 39 17 31 19 -42 48 -49 -22 16 31 8 45 25 -5 11 -48 21 -32 49 -49 27 -43 12 -23 9 48 18 -38 -15 6 -5 41 10 27 13 -18 -26 -23 18 2 32 -21 -43 43 -34 31 -15 -15 -30 -17 8 18 24 -12 17 27 -31 41 48 4 -16 49
-16 -10 27 22 -29 12 -12 41 -22 -45 29 32 42 4 7 40 -36 -29 38 18 22 -37 -26 24 20 25 -7 -5 -48 16 6 -50 35 36 29 11 26 0 -8 -21 4 -37 42 -41 -48 13 -43 13 29 -20 -40 49 -31 3 -10 -8 -45 -25 -6 26 39 -6 -19 -31 -29 15 -13 -37 29 -21 22 -28 -22 -31 -25 11 -40 1 3 -44 -20 14 5 22 -28 7 -1 -23 -6 22 -22 -6 -2 -20 4 -19 -14 45 0 -45
8 23 -27 22 36 47 32 -38 -50 49 40 -37 -39 -31 41 -1 -3 -30 28 9 37 11 20 20 6 16 2 47 -8 -38 -45 11 47 -38 -31 40 27 -25 7 -6 19 42 -15 17 -36 37 39 -14 17 -20 32 -9 -19 -29 -14 -27 -38 10 -31 2 -31 11 -47 -8 38 37 0 -27 33 39 12 39 46 -9 14 -29 10 34 -2 -9 45 17 -20 -2 49 -10 -17 8 -19 3 32 9 44 -34 -21 46 29 36 11 -10
47 28 -39 -4 1 -30 -34 43 38 19 -2 -30 12 -33 -13 -15 -17 11 37 -22 -47 35 -7 21 -2 -15 7 -1 -12 27 25 28 31 -13 25 9 -10 -19 21 41 -33 -2 -20 46 -17 0 17 30 48 -17 -43 -47 -27 -15 -7 17 43 -14 13 19 0 11 42 37 -23 -6 -2 46 -43 35 -17 -38 -26 -14 -5 -36 11 -4 44 -49 -6 1 42 33 15 15 16 -28 -28 -7 -45 -19 -11 -21 1 -38 -21 -30 21 -38
23 -1 16 -1 38 -13 -18 -14 17 35 -14 34 -46 -41 49 3 -31 24 -45 1 -29 -12 18 -45 -28 -11 -32 12 39 24 24 -44 -50 3 47 46 8 -42 39 -33 -17 37 -38 -6 20 -19 -39 44 -16 22 42 -27 -39 -20 13 12 12 34 -48 -8 -4 15 14 -12 -10 6 0 37 -1 40 -18 38 -15 -1 44 22 -3 10 6 16 -24 23 12 -25 -15 12 7 -43 33 8 -28 -33 22 21 29 -36 -23 13 -45 -5
-1 -11 -26 38 -25 38 -25 -4 23 -28 10 -41 37 13 -8 10 22 38 26 -27 18 -36 -48 -14 41 -31 -44 -28 37 -35 -33 -36 43 -5 -39 -19 -13 -43 43 41 -46 45 -47 14 39 -11 -25 -41 -1 6 -47 -2 37 -28 32 11 -6 -9 22 26 26 -21 -20 37 -24 -7 7 1 8 44 47 -46 -21 31 20 9 -33 31 -40 -1 36 -9 9 9 27 -5 -22 34 41 -46 29 -47 -2 49 -32 -31 8 -22 -10 -35
26 9 -20 -3 4 -49 -46 14 15 -28 45 12 -11 49 -49 -33 -32 -13 -28 -47 -36 31 46 -2 -14 -44 39 -29 18 28 -5 2 23 35 -23 24 -46 37 -7 44 -25 -43 -10 -8 21 -19 16 -42 19 41 49 8 13 -48 -48 8 18 -22 29 44 24 -14 48 -36 28 29 -19 -49 49 -23 0 -43 25 25 -19 5 25 -42 34 8 21 12 -13 32 39 0 -22 -15 -32 42 10 -15 48 -2 -10 -12 38 -2 -10 -29
-41 11 -6 -4 -4 39 -5 -50 26 -26 37 19 42 -33 -14 -36 21 37 -3 -20 45 -11 46 26 -35 38 -1 -28 -36 -7 20 -18 15 -47 28 -9 19 26 11 -12 -43 -1 -15 -28 -42 31 -41 -16 2 -13 12 1 -15 43 32 37 -26 -1 -40 2 -28 38 -3 49 44 -6 45 23 49 41 -17 34 33 21 -28 -7 37 15 -23 -6 -5 38 4 -14 38 -4 -35 -43 -3 17 -8 -50 5 19 46 15 -12 22 -35 30
5 -49 -1 21 42 -5 0 15 -20 49 -34 38 -2 40 11 -23 -32 -30 -31 9 -41 40 -45 -9 -39 46 49 -34 13 -37 44 -36 -29 -13 6 26 -48 23 -39 -43 23 32 5 7 48 -20 -17 -18 -46 28 36 25 -31 -44 -46 17 -46 5 4 27 -1 -26 23 -11 6 0 0 -38 47 15 14 -49 -47 -37 -13 -37 33 4 5 32 45 10 4 4 -22 -33 -36 -46 3 46 -16 -11 -5 49 -20 44 -37 20 -26 16
32 48 25 41 -24 -21 16 18 38 -10 -40 28 -37 -30 6 28 -23 -39 -27 0 -48 -29 -36 -20 -41 6 24 21 -39 47 -30 25 38 45 -2 -38 6 45 7 -15 2 39 -6 -8 11 -2 -35 -1 -45 -35 35 35 -48 -17 14 -25 -46 10 13 -39 29 7 9 -33 -42 0 48 43 29 0 49 -14 1 21 -46 -25 3 37 -39 -15 2 9 -30 -40 -43 -2 -1 -33 25 -7 -25 -39 -22 -10 30 -30 37 39 23 0
-18 -25 39 1 33 32 -18 -40 20 14 43 15 -20 31 35 29 4 -23 -31 36 21 -3 -36 -49 49 -4 -36 -33 29 12 -11 4 -22 8 -23 -8 -39 -11 -21 -16 -38 -44 47 -46 12 -3 -6 -21 9 -35 26 42 -45 -20 -18 11 -43 33 -37 6 -18 47 -45 43 5 38 43 46 22 16 20 -37 46 -27 43 17 21 -30 7 -26 18 -47 -24 47 -41 -37 -27 -35 42 18 -9 21 -31 27 32 22 -28 -18 -11 -31
-11 5 3 -45 -26 -50 -9 18 -28 -28 -28 37 26 38 -50 25 49 -48 37 -45 30 35 42 -26 -26 -15 -25 20 20 -19 46 15 -28 44 38 47 -50 32 29 0 8 23 -28 27 -28 -1 10 -44 -5 -49 -15 -17 20 -15 -25 -40 38 -19 28 -39 -45 -47 32 -46 12 -13 20 10 39 -2 34 19 43 40 -33 7 0 13 48 0 46 -2 27 -46 -22 3 13 -40 18 46 -45 -24 7 -5 25 3 42 16 11 -5
-30 -16 48 -3 22 -20 28 -42 -45 -25 -32 -35 -34 44 -35 30 38 47 44 -50 15 -23 -12 -41 31 11 41 3 39 5 14 -24 23 9 49 -45 15 11 43 24 -18 3 17 18 -22 3 -27 36 -9 -48 23 -7 25 13 -15 -22 44 -46 16 -36 -28 -27 -6 -35 -2 -50 8 -34 -45 40 -8 -27 0 29 -15 -36 1 -1 8 44 35 -11 -39 -41 -1 37 27 3 -9 22 -2 -50 20 2 22 1 7 -22 -3 19
0 38 22 -20 6 -38 -45 14 -42 36 -7 -31 25 -6 16 -41 -42 26 -42 33 4 -10 0 21 -11 -47 -40 27 -44 -15 -45 -15 -25 13 -25 24 5 -18 -35 -46 16 35 3 -25 -15 24 -32 0 4 -7 -30 -29 -40 -38 -1 42 -5 -41 -28 13 4 1 16 36 -19 -19 14 -40 42 14 -16 -12 -17 16 3 -7 15 45 -17 -22 47 6 -18 -31 -37 -32 -39 -4 47 -20 11 -15 -33 -23 35 -13 -6 46 10 -2
-8 0 -9 7 43 37 -47 -35 -23 37 -7 33 -31 -13 8 -29 2 -29 33 -12 -36 -33 0 26 45 28 26 -12 -43 -17 33 15 -47 14 41 -40 -25 3 33 18 3 45 21 31 -32 19 -3 -21 47 37 7 32 8 32 34 8 -40 -4 15 9 34 -1 -22 1 4 -48 43 20 29 49 32 23 30 -24 9 12 23 48 -26 -34 -42 -46 15 -22 7 -38 18 -20 28 27 -4 48 -7 45 41 -35 13 12 0 -18
37 46 -26 16 -9 14 20 -33 47 7 31 10 28 0 26 -45 1 -18 6 -50 14 25 -2 0 31 -40 2 35 23 -47 42 -17 12 15 -27 15 44 29 -27 -33 -7 31 -10 45 -23 47 47 4 47 38 -45 14 25 39 40 -18 -36 23 -12 -30 49 -40 47 -22 9 -33 2 45 -11 49 -30 -24 -5 12 0 0 39 -8 6 42 -43 48 3 10 -50 11 41 -50 -5 36 -40 -9 -17 -41 41 -37 -6 0 -23 -2
19 15 -13 45 -30 14 39 -19 -41 -43 -23 -13 45 10 -46 -30 35 -42 -36 20 1 39 32 20 -2 28 29 18 34 49 14 -13 -26 -50 -23 -39 -21 -12 23 4 16 -47 -15 -30 19 -1 20 15 -4 8 -32 -48 -37 13 15 -11 -39 -39 42 45 27 19 -48 -40 18 12 -36 24 49 -16 2 -49 27 -41 -35 -14 25 4 28 0 -23 48 -6 -29 -28 -5 39 13 22 49 0 -27 -50 -26 36 -21 7 28 -16 14
11 -14 38 -19 -23 -26 10 -41 -7 38 0 -10 -19 -22 -16 0 14 -36 24 -38 20 -33 9 0 8 -45 -1 -20 10 -14 -20 21 24 -34 -4 12 -33 -31 8 23 40 26 -34 -16 -10 -33 -49 -30 38 20 46 15 -15 10 31 -34 -14 32 11 -24 -18 12 -15 -25 -9 5 -27 17 14 -30 43 -42 32 36 -36 -2 -48 -27 -44 25 -3 26 -12 41 35 -34 5 -24 -19 13 38 35 5 -27 -13 23 -12 23 11 -26
46 -43 37 -31 -22 16 27 33 -3 -25 -24 -6 25 29 45 16 16 -37 -28 25 15 21 6 30 31 -23 43 42 22 26 -46 -50 -6 -17 21 -23 -20 -5 32 -25 -26 47 -1 -4 23 23 -24 -9 -4 47 27 -42 10 -16 3 48 44 11 -31 -26 -9 -11 -5 35 -6 27 4 48 -39 -35 -50 26 -13 21 -3 3 -32 8 30 -11 -5 -41 -45 -50 47 -32 18 -3 8 -7 -29 -29 12 -40 15 46 -9 37 -50 -22
-9 -48 43 28 19 45 11 -5 -36 31 -49 -33 18 48 38 3 -39 -3 0 40 37 27 49 36 -45 31 12 6 40 -19 -26 -23 20 -17 10 -45 -18 38 40 18 7 -4 -23 -12 13 33 -15 -4 8 -6 -4 17 -40 24 -20 -30 13 49 -3 34 -4 32 49 -44 4 -29 -46 -19 -20 -15 -4 -14 22 -11 34 -9 -3 0 -40 47 -12 -30 19 2 -29 35 -14 44 -50 -8 30 -32 -14 -29 11 -14 -3 -46 -31 14
11 37 44 -25 -35 28 -33 7 23 20 23 -17 5 -32 -48 -46 -20 16 -50 -21 -40 45 21 -22 37 -42 -6 -2 28 3 -20 23 28 40 -5 -44 33 -16 40 7 14 27 -38 46 7 25 17 48 28 -38 -31 -18 -36 43 -34 45 -12 -37 41 19 -41 1 -6 -36 9 32 -22 43 -28 -48 -31 -10 25 27 -21 7 48 -5 -36 -47 37 -5 49 34 10 18 -16 21 36 31 -48 -10 -32 6 -27 36 38 -48 17 32
-38 43 -28 -13 4 -36 -48 31 -5 37 -26 -40 14 -34 -25 25 -41 -32 23 38 10 -11 -48 -42 21 4 13 42 6 4 44 3 23 -22 -17 -31 7 -5 -11 11 10 5 -25 -37 46 -48 15 27 -24 -38 -25 32 -48 11 -47 -16 1 -28 30 10 22 -50 -1 25 47 33 49 -45 13 -22 -46 -6 1 -25 -29 16 -8 -16 23 -31 27 -23 26 32 20 -25 32 34 16 -16 1 14 -10 1 16 -7 31 -16 6 -46
-13 -28 -21 -18 12 23 -41 19 -21 -3 41 -29 0 30 13 -47 44 -21 -38 -11 4 10 -44 -35 35 -42 -27 -12 -32 -29 6 15 38 8 -41 14 37 47 32 -23 -36 4 -40 -42 -16 -44 -25 -21 -8 -43 18 18 34 -45 -42 -46 -2 -30 37 22 49 45 45 17 -19 -36 -3 37 42 42 -11 -36 30 -46 45 38 27 37 41 46 7 18 16 -42 -1 -33 -23 -1 37 -46 -12 -16 17 15 35 4 6 -37 10 -13
-7 2 -19 28 3 -23 3 37 37 18 -30 -41 -17 -31 -6 36 14 -20 -26 31 13 -3 -33 12 -18 14 -39 44 37 26 13 22 30 -7 -12 38 -42 -41 -8 13 -9 37 19 -6 38 21 -47 -28 33 -43 30 -32 5 -24 38 -7 24 -11 -8 23 -14 -36 26 -47 -33 -38 30 -26 28 26 -26 13 29 -23 18 -50 -6 -6 28 -7 20 -15 21 -34 -49 -15 41 -12 46 9 0 46 16 -43 -12 31 -23 -29 37 8
43 17 -25 46 6 11 42 -45 23 -47 41 47 20 -38 18 -15 -23 22 23 -43 28 22 -50 -28 24 -47 -10 3 -41 16 13 15 23 38 -38 -11 12 -50 28 25 48 25 -47 -11 47 10 -3 41 19 -4 -35 22 15 7 34 49 -13 42 -35 -39 -18 14 -32 -30 -20 -9 23 -27 0 7 -15 48 10 -47 33 37 -7 -26 -25 -16 13 17 47 -22 -3 -37 -32 46 -16 22 30 29 21 13 45 -27 40 30 -16 -9
-41 7 -3 -28 15 -42 47 45 24 -5 4 -5 -43 -17 45 -35 -22 -42 -5 17 -48 0 27 0 -14 -17 41 33 -22 -19 7 19 -7 6 12 27 46 -21 19 47 6 9 -10 34 13 28 36 18 0 -27 43 -17 10 25 48 21 -30 -40 31 -21 -50 -9 34 46 -46 25 -6 28 2 -24 1 -16 -1 -31 -17 26 17 -28 -19 45 -17 33 -12 1 26 -28 -7 38 28 -12 -20 -43 -3 22 -38 31 -36 -38 36 -15
