-12 21 -21 8 -11 10 -3 -22 -1 -19 -24 -2 17 3 -3 15 -7 5 -7 19 -11 -21 8 12 -9 24 11 -24 10 -10 -4 -22 22 -15 14 -9 -6 20 8 -23 -3 13 5 -18 -6 -16 -20 1 13 -21
-6 24 -14 21 -23 23 21 -16 -23 9 -9 17 11 -25 19 -21 -17 -16 8 14 21 16 -8 22 -20 1 -15 20 -22 12 -23 20 15 -12 -17 -11 1 -24 0 14 -21 -15 -13 -13 6 -20 18 3 22 -22
23 -11 -17 13 14 -3 -6 15 0 14 16 2 12 -17 19 -5 2 -24 -4 20 -6 -24 -23 16 14 10 -15 16 -14 -5 -9 -22 -22 18 14 14 10 -16 0 -8 -3 0 -21 -10 -18 10 20 21 8 -3
23 -3 -3 -11 -22 -9 -21 -8 -10 -14 -10 10 23 19 7 -2 -9 -13 6 3 9 22 -16 2 0 -14 -19 -19 -4 13 22 1 -9 18 15 -17 24 -20 10 -4 -24 -13 -14 -6 5 7 21 0 1 -15
15 18 -10 12 -23 7 -6 -5 1 -5 8 3 14 6 7 12 -7 -14 13 12 2 -22 19 -8 0 15 -13 -10 -19 8 9 -6 23 -1 3 -10 -24 13 -23 4 -18 -10 -23 9 11 -16 3 -24 -1 15
24 7 5 -23 10 -24 8 -20 -7 24 -19 -3 -13 5 20 -6 12 -11 15 19 9 -1 2 -10 14 8 20 -8 3 -2 -16 7 -5 -20 -3 11 12 -19 22 -25 2 20 2 -20 -2 -25 -23 -14 19 2
16 21 -14 21 -2 8 19 -8 -2 -23 12 22 -13 -17 -6 2 8 22 -19 -16 -10 14 19 6 -6 -4 22 -21 -13 -2 5 17 -22 -8 -18 8 23 10 -3 1 6 14 -25 -25 -20 -13 -18 23 1 -9
8 -17 24 1 -25 16 23 -20 -9 -12 -10 15 18 -1 4 5 13 12 -5 -11 -24 11 18 14 9 20 24 -7 -15 -8 19 -2 14 4 14 -4 -14 -8 12 18 19 2 3 -15 -15 -20 12 12 -18 14
-10 -17 -1 1 10 2 2 -23 2 16 -12 -8 9 -3 0 -7 22 4 23 10 13 -3 7 14 11 -15 0 23 3 1 14 -8 2 -3 -1 -12 12 23 17 -1 -1 5 15 22 -25 0 -9 -7 1 9
9 -11 19 -5 -11 22 23 -20 15 -24 -1 -20 11 -24 13 7 -12 -17 5 -7 -10 13 10 6 14 23 -24 11 -23 18 19 -10 24 -3 -19 13 1 5 -4 17 -20 5 -21 19 -22 -14 -25 23 13 -17
15 23 -10 9 20 18 -6 22 -19 23 20 -17 -7 21 -13 17 21 4 -19 2 16 -17 -18 24 -13 -14 -3 1 0 7 -10 -6 10 16 2 13 14 21 4 17 -20 15 -13 18 -23 7 -6 -2 -3 -9
19 -4 19 4 -13 16 -24 4 -8 1 16 -24 -25 14 14 6 -12 10 7 6 -18 -1 -5 18 -22 -16 -23 17 -2 -17 -5 -8 12 -20 -6 12 -20 -25 -5 -24 -2 -6 5 10 23 -8 -24 13 -11 -21
18 -22 -17 8 -20 -24 -13 -25 9 -16 -9 -21 19 -12 -18 -15 13 12 -20 10 8 -1 16 5 2 17 -22 -11 14 11 -19 -2 -8 -17 15 14 -11 -23 17 -10 9 11 6 -8 -3 -6 6 5 16 -20
-13 12 10 1 -16 -5 -18 13 -15 -21 -17 6 5 11 -4 -15 6 3 20 -13 18 -18 -15 -24 13 16 9 24 16 21 18 17 -2 -2 -7 -13 17 23 22 -25 0 -9 -19 19 -15 6 -15 -19 -9 10
-18 15 4 -21 21 21 16 4 5 20 -24 11 21 4 11 7 -9 -12 -11 18 8 -12 -22 -16 -19 19 -19 3 20 19 19 -21 -16 9 9 16 7 -22 8 -3 -13 23 -13 -20 2 3 22 -2 -7 20
-20 -13 1 -1 7 -10 21 -21 24 15 -10 13 -19 -24 7 19 -24 10 -22 10 10 17 -21 -13 -7 -20 14 20 -17 2 -6 -24 18 3 -7 16 -20 1 -24 6 -20 18 6 17 10 4 15 -23 -8 -16
4 -2 -24 -20 -25 4 -19 0 -14 21 19 5 8 8 -8 -24 24 -6 -12 -13 -11 -9 -19 7 -12 11 -7 -5 4 16 10 19 -24 -7 -15 15 2 9 20 -7 -8 6 -9 6 17 -24 -23 21 6 22
-15 2 16 -21 17 11 3 -10 21 -1 -4 -21 1 12 -3 -3 21 -18 3 0 -2 -10 7 21 12 16 -23 -12 11 1 -1 -22 10 1 19 23 1 -16 -2 4 -23 18 -24 -3 -14 -25 19 -4 -10 1
-1 24 24 7 -1 14 -16 24 -25 17 24 22 -25 4 -10 -15 6 4 -13 -11 -9 12 5 18 -8 0 0 16 13 8 23 6 14 24 16 6 -15 17 17 -12 10 11 -11 1 12 -18 -22 19 16 -12
23 -10 12 14 0 3 -18 -23 -17 -22 -4 -4 8 18 14 -6 -21 -6 -10 -1 -11 24 17 18 24 -15 -3 -22 9 10 -14 11 22 -4 -25 -13 23 23 18 21 -23 9 -15 -12 -9 -4 -9 5 16 9
-12 -11 -3 19 6 4 17 -1 21 -3 -9 -8 -7 4 -23 17 -4 -2 -22 4 1 8 -23 16 23 9 -5 -2 -4 24 9 -23 -3 -7 11 4 14 -20 -12 -15 -8 3 -20 -11 14 -3 8 3 -20 -25
-8 3 10 -2 13 -20 15 -19 -18 21 9 19 -6 14 17 21 -24 -9 -12 -14 -8 -2 6 -4 -18 -8 16 6 -24 -9 2 20 -20 -15 -12 -13 -10 10 -19 24 15 1 3 6 14 -5 -4 1 -1 -24
17 -12 8 20 -14 10 -16 -4 -18 4 -4 4 -11 -22 9 -20 -5 22 13 5 5 3 -3 4 11 2 -1 -12 23 -13 -24 -10 -2 11 6 23 -15 -24 -7 3 -15 -18 0 4 18 8 -23 15 -3 2
-9 -19 4 -1 -19 -11 -13 -19 -19 -16 -24 -22 -20 21 -23 10 12 17 16 -16 -23 -20 0 -24 7 21 10 7 -18 -9 2 8 -19 -15 -4 -15 22 9 16 -11 18 18 -12 -7 8 -19 -8 5 -21 -5
0 2 16 -9 0 -2 16 -16 1 22 -9 13 -13 10 -18 16 24 -9 -25 8 5 23 9 17 -24 -21 -3 8 -21 -23 -6 0 -24 19 20 22 7 10 -16 -7 -16 -8 13 5 19 20 -11 -23 -9 1
2 15 -2 15 15 -24 22 -9 -19 -12 12 22 -7 22 -10 6 -23 24 -9 19 -17 8 -2 -13 -23 -16 -14 17 15 -22 -25 -24 7 8 20 19 19 5 17 16 -10 24 -18 -24 -18 -20 -15 -19 1 5
-23 14 22 -14 3 -15 -20 -7 2 10 5 8 -24 11 18 16 11 13 -7 8 -21 -7 -19 14 17 -4 -18 -24 10 8 17 -22 -7 -14 10 11 9 18 -9 7 2 12 3 24 17 -21 -16 -22 -19 -2
-4 21 -5 5 22 4 1 -14 14 3 6 -16 9 -5 23 11 -24 21 -13 10 12 19 -8 -17 -13 17 -21 -5 8 12 6 -8 0 12 -1 -22 -5 -6 10 21 -1 -3 -2 21 8 -7 17 23 5 -9
24 10 -17 -6 5 -17 21 -6 -23 -11 -1 3 -6 -9 17 -18 24 1 -8 -9 -23 4 -15 13 8 -20 -15 0 -19 2 -11 -5 -25 12 14 20 12 10 -19 -11 6 14 8 -2 11 0 -17 20 -14 23
-10 -1 19 -18 21 20 14 19 15 -4 16 20 -22 9 11 -19 8 16 -19 22 0 22 22 20 10 -8 2 21 -23 10 15 8 4 6 -20 11 -17 -9 21 -5 9 15 7 -8 -3 -15 22 9 -13 19
-7 14 0 6 -10 9 0 22 -18 -10 -17 -10 5 -15 -13 1 20 23 20 -21 -10 0 -19 1 -19 -21 8 -10 -9 -8 0 18 1 -2 -9 -10 -17 18 -17 0 -23 -21 -13 -25 10 24 -17 -10 -22 -17
-15 -15 17 -23 -15 -25 -18 -17 4 -5 -20 -16 9 -15 -7 8 -1 -20 18 12 -1 11 -11 4 15 7 -25 6 9 -6 -21 9 20 -13 4 -5 -5 -7 21 2 1 -6 6 19 7 -17 8 -2 4 -3
-22 -9 6 16 23 18 -15 8 11 12 3 -14 -12 -2 3 17 18 -3 13 12 9 -11 5 5 10 17 -10 6 22 -17 21 -22 -6 2 0 6 -19 -13 -8 -24 13 17 -21 0 15 17 -2 18 -20 -19
23 -20 -11 22 -7 9 16 -9 16 12 18 -6 8 20 10 9 -16 -14 14 -1 -11 9 0 12 -6 -21 -12 15 -19 -15 -20 -3 -15 -3 -5 10 24 23 6 8 -24 2 11 -7 16 3 -13 18 -7 12
-8 -25 1 12 -11 0 -13 -1 -1 14 18 9 -10 24 24 -21 -22 0 15 21 -15 -9 16 -23 23 -16 7 13 -12 7 10 -16 -23 2 -22 22 -8 24 -21 8 23 -10 22 7 -16 -13 -21 23 6 24
-24 4 -12 17 7 20 15 -23 -2 -4 20 11 9 3 -10 24 -25 -1 -15 9 8 2 2 -14 -21 -10 17 -12 -11 -22 -10 -11 -9 -12 9 -2 15 3 -16 -6 20 -3 -4 18 -2 -18 -1 -7 -2 -6
9 24 -15 -9 -6 24 -1 10 -22 24 -5 -8 5 5 22 20 -11 0 -18 7 10 -13 22 -15 5 7 0 -13 13 -18 13 -15 -1 2 4 10 13 -17 -25 -22 -2 -23 -1 -23 10 -2 -14 4 -22 -18
6 19 18 -11 0 -19 7 -12 4 -23 24 22 -1 11 24 -15 -5 14 10 7 1 -5 -16 10 20 -17 -16 -10 -2 2 4 -9 7 -10 8 6 7 22 8 -3 12 19 -12 -19 -23 13 12 4 0 -18
0 -18 -2 2 -2 -2 -7 8 3 -10 18 -24 5 20 -10 -11 -24 -23 11 13 2 -4 5 -21 -25 17 1 -15 15 -13 23 -15 -10 17 -3 3 -20 3 -16 0 11 -6 17 7 2 21 20 -16 5 1
1 6 -20 15 23 4 -1 -5 7 -4 7 -17 12 4 12 16 17 13 12 15 19 -6 10 -21 -15 -16 -25 -9 -15 11 15 0 6 -21 -1 -21 -25 22 1 -23 -11 -12 -7 -18 0 -6 -3 9 7 0
-13 -22 -21 3 13 -20 -9 21 -3 16 -3 4 -24 -3 -5 16 10 12 17 4 16 -11 22 -23 -16 22 -22 23 -7 -17 9 -2 -3 -23 12 -14 -9 -25 -5 5 7 -3 21 -7 10 4 12 -3 17 -23
-18 13 -19 10 -18 1 21 -24 -22 -4 -6 0 1 7 -20 10 -6 -25 11 -14 1 -13 -3 -21 20 18 21 -14 23 -25 -6 6 2 -19 -7 -19 -12 -17 -5 -11 -22 8 14 -20 12 22 19 -23 -4 19
8 -14 3 24 1 -5 -20 2 -8 -23 -16 5 -9 12 -4 4 -12 1 3 -21 22 -21 7 -11 13 10 -5 10 24 -6 11 -17 -1 -25 2 21 4 -16 -14 -18 -13 14 -5 -3 3 20 -15 -21 24 -25
17 21 9 -6 -18 20 -21 13 -10 -12 0 20 23 -15 -16 12 8 8 -20 -13 16 -25 -20 18 -10 15 11 23 -11 10 6 -9 12 5 -3 8 3 -10 22 -24 -5 20 -3 -1 6 14 17 -10 18 3
20 1 8 10 5 -1 -23 1 -17 -4 4 3 14 9 2 17 14 22 -9 -25 -3 11 9 -6 -19 4 7 -12 14 -11 -14 1 -4 -6 23 21 -21 -5 4 -18 8 -20 11 -23 -1 -17 20 24 4 -15
-11 -9 -18 10 24 16 14 -15 4 -1 -24 24 12 23 -1 20 -9 -12 -19 -9 -6 16 0 1 2 21 2 -13 -24 -17 4 1 -22 -5 18 -2 -9 20 19 -8 -24 -4 5 -15 17 9 13 -24 -1 10
-13 11 -14 -22 -25 -19 11 8 21 -14 -5 -6 5 -11 -13 -9 21 2 -9 5 3 1 -24 -5 -20 2 -9 6 -23 20 -17 -3 11 8 13 14 -22 2 -19 20 5 -24 -13 -4 -4 -6 -20 5 -2 -19
-14 1 23 11 -9 -12 18 -7 -24 21 0 19 -22 11 13 19 -10 3 15 -13 2 10 23 -18 6 13 -15 1 6 -11 -5 -4 -24 20 -24 -24 23 1 -19 18 24 18 23 13 23 -1 22 -17 3 9
21 4 2 24 -24 12 -17 1 -5 6 -7 -23 9 15 3 22 10 11 -15 1 -1 3 -11 7 22 4 -19 19 15 -20 4 -24 11 22 22 -9 7 -22 8 -17 -19 6 21 3 4 9 0 7 21 24
2 0 21 22 19 -22 -18 -22 10 10 -15 14 -3 -9 -25 5 15 -16 -25 10 -6 6 -21 7 -3 9 -21 14 23 -13 -19 24 3 17 16 -23 -17 -6 9 -9 -16 13 3 -20 3 -13 19 -4 -18 7
